4
1,Dan Dillman 
2,Morgan Mack-Rose 
3,Ursula Reed 
4,Write-In 
25564,25564,124
4920,3,2,1
4065,2,3,1
1800,3,3,3
1783,1,2,3
1778,2,1,3
1413,3,1,2
1309,2,2,2
1050,1,3,2
966,3
834,1,1,1
684,2
573,2,3
505,3,2
433,1
275,3,2,3
274,2,3,2
203,2,1
178,2,2,3
175,3,3,2
161,3,1
149,4,4,4
140,1,2
124,2,3,3
110,3,2,2
106,1,3
101,2,1,2
92,2,2,1
84,3,1,3
75,1,2,1
71,3,3,1
68,2,3,4
66,1,2,2
54,3,2,4
54,1,3,1
53,1,1,2
50,3,3
49,1,2,4
47,2,1,1
43,1,3,3
40,3,4,4
39,2,2
38,1,1,3
38,3,1,1
38,2,1,4
31,{1,2},{1,2},{1,2}
30,2,4,4
24,{1,2}
23,1,4,4
21,1,1
16,4
16,2,{1,2},1
15,1,3,4
15,4,2,1
14,3,{1,2},1
14,3,1,4
11,{1,2},2,1
10,{1,2},2,2
9,2,3,{1,2}
9,3,2,{1,2}
8,1,4,2
7,2,{1,2},3
6,3,{1,2},3
6,{1,2},3,2
5,{1,2},1,2
5,2,{1,2},2
5,{1,2},1,3
5,3,{1,2},{1,2}
5,2,1,{1,2}
5,1,{1,2},3
5,1,{1,2},{1,2}
5,{1,2},3,1
5,1,2,{1,2}
4,4,1,2
4,3,3,4
4,1,4,3
4,2,{1,2}
4,4,4
4,3,{1,2},2
4,4,3,3
4,1,{1,2},2
4,2,2,{1,2}
3,2,4,3
3,2,4,2
3,2,4,1
3,{1,2},2
3,3,4
3,{1,2},{1,2}
3,{1,2},1
3,{1,2},1,1
3,{1,2},{1,2},3
3,{1,2},{1,2},2
3,4,4,3
3,{1,2},2,3
3,4,3,2
3,3,4,1
3,{1,2},3,3
3,3,1,{1,2}
2,1,4
2,{1,2},3
2,4,1,1
2,4,1,3
2,3,{1,2}
2,{1,2},1,{1,2}
2,4,4,1
2,4,4,2
2,1,{1,2}
2,1,4,1
2,2,4
2,4,2
2,3,4,2
2,3,4,3
2,4,2,2
1,3,3,{1,2}
1,2,{1,2},{1,2}
1,4,{1,2},{1,2}
1,4,1,4
1,1,1,{1,2}
1,1,3,{1,2}
1,{1,2},{1,2},1
1,2,2,4
1,{1,2},4,4
1,1,{1,2},4
1,{1,2},2,{1,2}
1,4,2,3
