4
1,Jan Shabro 
2,Julie Anderson 
3,Will Baker 
4,Write-In 
153721,153721,136
26123,2,1,3
24516,1,2,3
17756,2
16325,1
11986,2,3,1
9764,2,1
8179,1,2
6356,1,3,2
5567,3,2,1
5206,2,2,2
4496,1,1,1
2639,3,1,2
2210,3
2125,2,3
1411,3,3,3
1034,2,1,4
1019,1,2,4
534,1,3
493,2,1,2
488,3,2
381,2,3,4
369,1,2,1
323,4,4,4
305,2,2,1
303,1,4,4
285,2,4,4
271,1,2,2
250,2,2
234,2,3,2
230,2,2,3
222,1,1,2
219,1,1
161,2,1,1
118,3,1
114,4
107,1,3,1
97,2,3,3
95,1,3,4
95,3,2,3
83,1,1,3
80,3,2,4
76,3,4,4
67,1,3,3
54,{1,2},{1,2},{1,2}
52,3,3,2
51,3,2,2
50,{1,2}
49,4,2,1
48,2,4
47,3,1,3
40,2,4,1
40,1,4,2
39,1,4
38,3,3,1
35,3,3
25,4,1,2
23,2,4,3
20,1,4,3
18,{1,2},2,3
18,3,1,1
17,2,{1,2},3
16,2,{1,2},{1,2}
14,1,{1,2},{1,2}
14,1,2,{1,2}
13,2,1,{1,2}
12,1,{1,2},3
12,3,1,4
10,2,{1,2},1
10,{1,2},1,3
10,4,3,2
10,4,3,3
9,1,{1,2},2
8,3,4
8,{1,2},{1,2},3
8,1,{1,2}
8,2,{1,2}
7,4,4
6,2,3,{1,2}
6,{1,2},{1,2}
6,2,{1,2},2
6,{1,2},2
6,3,4,1
6,4,2,3
5,1,1,4
5,{1,2},2,2
5,2,2,4
5,1,{1,2},1
5,3,4,2
5,2,2,{1,2}
4,2,4,2
4,{1,2},3
4,1,3,{1,2}
4,{1,2},1,1
4,4,4,3
4,4,4,2
4,3,{1,2},1
4,4,3,1
4,3,4,3
3,3,3,4
3,{1,2},1,2
3,4,1,3
3,4,1,4
3,{1,2},{1,2},1
3,4,4,1
3,4,3
3,4,2
3,{1,2},2,1
3,1,{1,2},4
3,2,{1,2},4
2,3,3,{1,2}
2,{1,2},3,{1,2}
2,{1,2},4,4
2,1,1,{1,2}
2,3,{1,2}
2,{1,2},1
2,{1,2},{1,2},2
2,{1,2},{1,2},4
2,3,{1,2},{1,2}
2,3,{1,2},2
2,{1,2},2,{1,2}
2,{1,2},3,1
2,{1,2},3,3
2,4,2,4
1,4,1,1
1,{1,2},1,{1,2}
1,1,4,{1,2}
1,{1,2},4,3
1,3,2,{1,2}
1,1,4,1
1,4,{1,2},2
1,{1,2},2,4
1,3,{1,2},4
1,4,3,4
1,4,{1,2},{1,2}
1,4,2,2
1,3,1,{1,2}
