10
1,F. X. Francis Xavier Crowley 
2,Robert J. Squeri 
3,Lynn Gavin 
4,Michael Garcia 
5,Glenn Rogers 
6,Julian P. Lagos 
7,Norman Yee 
8,Joel Engardio 
9,Andrew Bley 
10,Write-In 
31566,31566,824
1895,7
1099,7,1,8
1067,1
829,1,7
801,4
642,8
579,7,1
477,1,4,8
454,1,7,4
440,1,7,8
430,4,2,1
399,4,1,8
393,7,1,4
382,1,4,7
374,7,7,7
320,8,4,1
317,4,8,1
307,4,1,7
302,8,1,7
294,7,4,1
292,1,4
281,4,1
267,1,1,1
264,8,1,4
257,1,4,2
256,8,7,1
249,1,7,2
233,4,4,4
224,1,7,6
218,7,1,2
211,1,8,4
208,7,1,6
205,8,4,7
198,4,7,1
197,7,8,1
191,1,8,7
190,4,1,2
186,2
185,8,7
179,7,4
177,1,2,4
174,7,2,1
173,4,8,2
154,4,8,7
147,4,7
147,4,8
143,8,4
143,7,6,3
141,7,8,4
140,8,7,4
139,7,4,6
138,7,4,8
134,4,2,8
132,1,2,7
131,7,8
121,1,7,3
119,1,7,9
116,7,6,1
115,7,6,4
114,7,1,3
113,8,1
109,8,4,2
109,7,6,2
102,1,2,8
101,1,8
101,2,4,1
98,7,1,9
98,4,7,8
97,7,6,8
95,1,6,7
93,7,4,2
90,8,8,8
90,7,4,3
90,7,6
89,7,2,6
88,6
87,7,3,6
85,1,4,6
85,2,1,4
83,8,2,1
81,7,6,9
80,2,1,8
80,7,2,4
79,4,2
77,4,7,2
76,1,2
74,9
71,7,4,9
71,7,3,4
69,1,8,2
67,4,6,8
65,3
63,2,1,7
63,2,2,2
63,1,4,9
62,4,7,3
62,7,8,6
62,2,8,4
61,7,8,2
61,4,8,9
60,4,1,9
60,1,2,3
59,1,4,5
57,8,7,2
57,2,8,1
56,8,2,4
56,2,4,8
56,8,1,2
55,7,6,5
54,1,7,5
53,7,1,5
53,7,2,8
53,7,3,5
53,7,8,9
52,6,7,3
52,4,2,7
51,8,4,9
51,7,3,9
50,7,9,1
49,4,6,7
49,8,7,9
48,4,7,6
48,6,7,1
48,3,5,9
47,7,9,3
46,2,1
46,2,7,1
45,1,4,3
45,{1,2}
45,6,7,8
45,8,1,9
44,7,4,5
44,7,3,1
44,5
43,1,2,5
42,9,1,7
42,8,7,6
42,7,3,8
41,1,3,5
40,2,4
40,7,5,9
40,1,2,9
39,7,9,6
39,8,2
38,7,8,3
38,1,3,7
38,7,2
37,6,1,7
37,4,1,5
37,4,1,6
37,4,8,5
37,4,2,9
36,7,9,5
36,8,4,5
36,7,8,5
36,6,7,4
36,2,4,7
35,7,9
34,1,2,6
33,1,5,9
33,4,7,9
33,6,3,9
33,4,8,6
33,7,7
33,6,4,8
32,7,9,8
32,{1,2},{1,2},{1,2}
32,4,1,3
32,1,6,4
32,1,6,8
31,7,9,2
31,7,9,4
31,8,4,3
31,7,5,3
31,8,6,7
31,2,7,8
30,8,4,6
30,6,7,9
30,4,9,1
30,1,8,9
30,8,9,7
29,5,9,3
29,6,3,7
29,1,6,2
28,8,2,7
28,9,5,3
28,7,2,3
28,8,5,9
28,8,9,4
28,4,2,5
27,7,5,6
27,7,5,8
27,3,9,5
27,9,3,5
26,1,8,5
26,4,9
26,1,5,7
26,6,7,2
26,7,2,9
25,4,6,1
25,8,9
25,5,5,5
25,5,3,9
25,1,9,7
25,4,3,5
25,3,6,5
25,4,7,5
25,9,7,1
25,8,7,3
25,8,7,5
25,3,5,6
25,8,1,6
24,1,1
24,7,5,1
24,2,5,9
24,2,1,5
24,1,3,4
24,1,3,9
24,4,5,6
24,8,9,5
24,7,3,2
24,1,8,6
23,3,3,3
23,7,5,4
23,6,7
23,8,2,5
23,8,2,9
23,1,5,2
23,3,6,9
23,6,4,7
22,1,9
22,6,9,3
22,9,8,7
22,6,5,7
22,1,3,6
22,7,2,5
22,2,8
22,6,6,6
22,4,2,6
21,7,5,2
21,9,8,1
21,8,6,4
21,1,9,4
21,1,3,8
21,4,5,3
21,4,9,7
21,3,7,6
21,3,6,7
21,8,5,3
21,8,9,1
21,7,3
20,4,6,5
20,5,3,6
20,8,2,6
20,6,5,3
20,9,1,4
20,4,3,6
20,1,5,3
20,5,6,8
20,9,7,6
20,8,6,3
20,1,6,3
20,8,3,7
20,1,6,5
19,4,6,3
19,4,8,3
19,2,7,6
19,1,9,2
19,5,6,7
19,6,3,4
19,6,3,5
19,1,3,2
19,6,7,5
19,8,9,3
19,1,6,9
19,9,6,3
18,1,4,1
18,2,7
18,7,1,7
18,6,8,7
18,2,7,4
18,1,9,5
18,1,9,8
18,4,5,7
18,4,5,2
18,9,4,7
18,2,4,9
18,8,1,3
17,1,6
17,2,9,7
17,4,4
17,4,1,4
17,2,6,7
17,8,3,6
17,3,7,9
17,3,7,1
16,2,1,6
16,2,1,9
16,8,6,2
16,4,6
16,1,9,6
16,6,5,1
16,6,5,9
16,4,3,1
16,1,1,7
16,9,9,9
16,1,7,1
16,1,7,7
16,4,9,8
16,2,4,5
16,6,2,7
16,8,5,2
16,6,8,9
16,6,8,3
16,8,9,2
15,5,9,7
15,6,9,4
15,9,8,4
15,3,8,9
15,4,3,9
15,9,1,8
15,5,7,3
15,9,3,4
15,4,9,5
15,9,5,6
15,9,7,3
15,9,3,6
15,4,9,6
15,9,4,1
15,8,3,4
15,8,3,5
15,3,4,7
14,9,4,2
14,1,8,3
14,5,1,9
14,2,1,3
14,1,9,3
14,9,1,5
14,1,5,8
14,6,3,8
14,9,7,4
14,3,6,8
14,2,8,7
14,8,5,6
14,8,9,6
14,3,1,7
14,4,2,3
13,9,4,8
13,2,5,7
13,5,9,1
13,6,9,7
13,8,6,9
13,2,7,9
13,5,3,8
13,6,1,2
13,1,5,6
13,9,5,1
13,9,7,8
13,2,6,1
13,8,6,1
13,9,7
13,3,7,2
13,3,4,5
13,3,4,8
13,8,5,1
13,6,8,4
13,5,6,9
13,6,4,1
12,4,6,9
12,9,2,4
12,3,5,8
12,2,5,8
12,5,9,8
12,8,6,5
12,2,5,1
12,6,1,4
12,5,7,6
12,9,5,2
12,9,5,7
12,9,7,5
12,9,3,1
12,4,3,7
12,2,6,8
12,8,3,1
12,3,5,7
12,6,8,1
12,7,5
12,6,4,9
12,9,6,5
11,2,9,8
11,2,9,5
11,2,9,1
11,5,9,4
11,1,4,4
11,5,7,1
11,4,9,3
11,4,5,9
11,4,5,1
11,8,3,9
11,3,4,6
11,8,5,7
11,3,5,1
11,6,8,2
11,3,1,6
11,3,1,4
10,5,1,2
10,6,9,5
10,2,7,3
10,5,1,8
10,3,8,6
10,2,3,7
10,5,3,7
10,6,5,8
10,9,1,2
10,9,4
10,4,7,4
10,9,7,2
10,4,3,8
10,2,6,4
10,3,7,4
10,2,8,5
10,6,2,1
10,6,8,5
10,5,6,1
10,9,6,1
9,4,6,2
9,8,8
9,8,3
9,8,4,8
9,2,9,4
9,5,1,7
9,8,2,3
9,2,7,5
9,3,8,5
9,3,9,6
9,1,1,4
9,6,1,8
9,9,5,8
9,9,1
9,1,5,4
9,3,4,1
9,6,3,2
9,4,9,2
9,3,7,8
9,8,7,7
9,4,7,7
9,2,8,3
9,8,5,4
9,3,5,4
9,4,8,4
9,8,1,5
9,3,9,8
9,5,6,3
9,6,5
9,5,2,8
9,6,4,5
8,1,5
8,4,6,4
8,7,7,1
8,7,7,3
8,2,3,5
8,9,4,5
8,2,5,4
8,9,8,6
8,3,8,7
8,3,8,4
8,2,3,1
8,3,9,7
8,6,1,9
8,6,5,4
8,7,8,7
8,4,5,8
8,3,2,1
8,2,6,3
8,9,4,3
8,9,8,2
8,2,4,3
8,2,8,9
8,4,8,8
8,4,4,8
8,5,2,7
8,5,8,2
8,5,8,6
8,5,4,9
8,9,8
8,9,6,7
7,1,3
7,9,2,8
7,9,2,1
7,7,1,1
7,2,9,3
7,8,6
7,2,2
7,8,4,4
7,7,7,6
7,5,9,2
7,5,9,6
7,{1,2},7
7,3,6
7,3,7
7,3,9,4
7,3,9,1
7,6,5,2
7,9,1,3
7,3,6,4
7,5,7,2
7,5,7,9
7,7,4,7
7,9,8,5
7,8,3,2
7,2,8,6
7,6,2,8
7,5,4,3
7,5,2,6
7,5,4,8
7,6,8
7,1,2,1
7,5,2,9
7,3,1,2
7,6,4,3
7,6,4,2
6,9,2,7
6,7,7,4
6,4,4,7
6,1,8,8
6,8,8,7
6,2,5,6
6,5,1,4
6,{1,2},4,7
6,5,3,2
6,5,3,1
6,1,{1,2}
6,6,1,5
6,9,5,4
6,9,3,2
6,4,1,1
6,7,4,4
6,7,6,7
6,9,8,3
6,2,2,1
6,3,7,5
6,8,7,8
6,5,9
6,5,4
6,6,3
6,6,2,4
6,{1,2},{1,2}
6,8,1,1
6,4,4,1
6,9,4,6
6,9,6,4
5,9,2,5
5,2,3,6
5,6,4
5,{1,2},{1,2},4
5,8,8,4
5,6,9,2
5,3,9
5,3,1
5,2,7,2
5,5,1,3
5,2,3,4
5,6,1,3
5,4,3,2
5,3,6,1
5,3,6,2
5,5,7,4
5,5,7,8
5,9,3,8
5,3,2,5
5,3,2,4
5,3,2,6
5,7,2,7
5,2,4,2
5,2,4,6
5,5,8
5,3,4,9
5,8,1,8
5,4,4,6
5,3,6,3
5,5,8,9
5,5,8,1
5,6,1
5,6,2,3
5,3,1,9
4,9,2,6
4,7,7,9
4,7,7,2
4,5,4,6
4,5,4,7
4,5,4,1
4,8,5
4,2,9
4,{1,2},1,1
4,8,8,2
4,1,2,2
4,2,1,2
4,6,9,1
4,{1,2},4
4,3,4
4,3,8,2
4,2,3,9
4,1,1,9
4,4,3
4,4,5
4,9,5
4,3,4,2
4,7,8,8
4,6,3,1
4,5,8,7
4,9,3,7
4,2,6,5
4,5,2,1
4,5,2
4,5,1
4,5,6
4,7,6,6
4,6,2,5
4,6,6,7
4,7,3,3
4,5,6,4
4,5,2,4
4,3,1,5
4,9,6,2
3,9,2,3
3,{1,2},4,8
3,9,6
3,{1,2},1,7
3,2,6
3,{1,2},1,6
3,{1,2},1,4
3,2,5,3
3,2,1,1
3,{1,2},1
3,3,3
3,8,6,8
3,3,8,1
3,2,3,8
3,1,1,8
3,1,1,2
3,9,2
3,5,7,7
3,1,3,1
3,2,5
3,9,1,6
3,2,6,6
3,7,2,2
3,2,2,4
3,{1,2},7,8
3,{1,2},7,1
3,{1,2},7,4
3,{1,2},7,7
3,2,4,4
3,5,2,3
3,5,7
3,5,8,4
3,6,2,9
3,1,{1,2},8
3,9,6,8
2,7,1,{1,2}
2,9,2,9
2,7,7,5
2,7,9,7
2,4,4,{1,2}
2,5,4,4
2,{1,2},{1,2},1
2,{1,2},{1,2},5
2,2,3
2,3,{1,2},{1,2}
2,7,5,5
2,8,8,1
2,5,1,6
2,2,7,7
2,6,9,8
2,6,9,9
2,3,8
2,3,5
2,1,{1,2},{1,2}
2,{1,2},4,3
2,{1,2},4,1
2,5,3,4
2,1,7,{1,2}
2,7,4,{1,2}
2,1,1,5
2,1,1,3
2,6,5,6
2,9,1,1
2,4,3,4
2,9,3
2,6,3,6
2,1,1,6
2,6,7,6
2,{1,2},8,7
2,7,{1,2},{1,2}
2,2,6,9
2,2,2,8
2,{1,2},4,4
2,8,3,8
2,4,{1,2}
2,{1,2},7,2
2,1,{1,2},2
2,5,4,2
2,5,5
2,7,{1,2},7
2,7,{1,2},1
2,3,5,2
2,2,8,2
2,6,9
2,6,2
2,6,6
2,1,4,{1,2}
2,6,6,9
2,4,4,9
2,{1,2},5,1
2,7,3,7
2,5,6,2
2,5,8,3
2,7,{1,2}
2,1,6,6
2,1,{1,2},7
2,6,4,4
2,4,2,4
1,6,3,3
1,4,6,6
1,7,6,{1,2}
1,{1,2},1,{1,2}
1,8,{1,2},8
1,{1,2},9,8
1,{1,2},9,2
1,{1,2},{1,2},6
1,{1,2},{1,2},9
1,{1,2},1,5
1,6,3,{1,2}
1,2,9,6
1,8,6,6
1,7,7,8
1,8,8,5
1,8,8,6
1,8,8,9
1,2,5,5
1,2,4,{1,2}
1,5,1,5
1,2,{1,2},2
1,3,1,{1,2}
1,{1,2},2
1,{1,2},8
1,1,5,{1,2}
1,2,{1,2},6
1,{1,2},4,{1,2}
1,8,{1,2},4
1,8,2,8
1,{1,2},2,4
1,1,1,{1,2}
1,6,7,{1,2}
1,5,5,3
1,5,5,2
1,8,7,{1,2}
1,3,9,2
1,6,{1,2}
1,{1,2},2,2
1,1,9,1
1,{1,2},2,8
1,6,4,{1,2}
1,4,7,{1,2}
1,4,3,3
1,9,9,{1,2}
1,1,5,5
1,5,7,5
1,6,7,7
1,9,9,7
1,{1,2},8,9
1,9,7,9
1,8,{1,2},{1,2}
1,4,5,4
1,6,{1,2},9
1,6,{1,2},7
1,{1,2},8,4
1,2,{1,2}
1,{1,2},6,7
1,7,3,{1,2}
1,{1,2},2,{1,2}
1,4,{1,2},8
1,9,{1,2}
1,3,2,7
1,1,8,1
1,2,2,3
1,8,{1,2}
1,{1,2},4,5
1,7,{1,2},8
1,3,7,3
1,3,7,7
1,{1,2},3,5
1,{1,2},3,1
1,{1,2},7,9
1,8,4,{1,2}
1,4,1,{1,2}
1,{1,2},4,9
1,5,3
1,3,3,9
1,3,4,4
1,7,{1,2},3
1,7,{1,2},2
1,{1,2},8,2
1,2,8,8
1,{1,2},8,1
1,8,5,5
1,8,5,8
1,4,{1,2},4
1,2,7,{1,2}
1,{1,2},5,8
1,4,4,5
1,4,4,2
1,{1,2},2,3
1,{1,2},5,3
1,{1,2},5,2
1,8,9,9
1,{1,2},2,6
1,{1,2},8,{1,2}
1,7,7,{1,2}
1,6,2,6
1,9,9
1,1,{1,2},9
1,3,1,1
1,6,4,6
