15
1,Dean Clark 
2,Debra Walker 
3,James Keys 
4,Jane Kim 
5,H. Brown 
6,George Vazhappally 
7,Theresa Sparks 
8,Fortunate ''Nate'' Payne 
9,Elaine Zamora 
10,Jim Meko 
11,Matt Ashe 
12,Matt Drake 
13,George Davis 
14,Glendon ''Anna Conda'' Hyde 
15,Write-In 
21443,21443,1999
1324,4
890,2,4,14
799,2
687,7
658,4,4,4
619,2,2,2
382,7,7,7
353,4,2,7
347,2,4,7
292,4,14,2
280,2,4
263,4,2
241,4,2,14
222,4,7,2
217,2,7,4
205,7,4,2
195,7,2,4
192,4,7,9
184,7,4
178,4,7
152,2,4,3
130,{1,2},{1,2},{1,2}
124,4,2,3
117,4,2,9
113,3,3,3
112,3,4,2
111,2,7
108,12
105,7,2
104,2,14,4
102,2,4,9
96,4,2,1
95,14,2,4
94,4,7,3
91,2,7,14
89,12,12,12
88,3
86,2,3,4
84,9,9,9
81,1,1,1
81,7,4,12
80,4,7,14
78,4,2,10
77,9
77,7,12
73,4,9,7
73,2,4,10
66,2,7,9
64,4,3,2
64,3,2,4
61,7,12,4
61,2,4,1
60,14,4,2
58,{1,2}
57,4,9,2
57,4,3,7
56,14
54,2,7,3
54,7,4,9
51,1
51,4,2,12
50,4,14
50,2,9,4
49,2,3,7
49,7,4,14
48,2,3,14
48,7,4,10
48,14,14,14
47,4,9
45,7,2,14
45,10,10,10
45,1,2,3
44,7,12,10
44,7,4,3
43,4,7,12
41,4,4
41,4,9,12
40,2,1,4
40,2,7,1
40,7,9,4
39,2,14,7
39,7,2,3
39,12,7
39,4,14,7
39,4,2,4
39,4,7,10
38,4,7,1
38,2,7,10
38,2,14
37,7,2,10
37,4,10,2
36,7,10,4
36,2,9,7
35,7,2,9
35,4,12,9
35,4,12,7
35,2,10,4
34,7,3,4
34,12,7,4
34,4,12,2
34,3,4,7
33,4,12,1
32,2,14,3
32,3,2,7
32,10
32,2,2
32,2,4,12
31,4,7,5
31,4,1,5
31,4,5,7
31,4,5,1
31,4,9,3
31,7,4,1
31,7,14,2
30,12,4
30,14,2,7
29,4,1,9
29,2,4,2
29,2,7,11
28,14,7,2
28,4,1,2
28,7,2,1
28,7,12,2
28,4,12
28,4,3,14
28,1,2,4
27,9,4,2
27,4,1,7
27,4,3,9
27,7,14
26,7,2,12
26,3,2,14
25,4,10,7
25,4,9,5
25,4,9,1
25,7,10,2
25,7,10
24,2,3,10
24,12,10
24,4,3,1
23,4,3
23,2,4,5
23,2,10
23,4,10,12
22,4,12,10
22,2,10,7
22,7,12,1
22,4,2,5
22,12,4,2
21,9,2,7
21,2,1,7
21,14,2
21,4,4,2
21,7,3,2
21,7,12,9
21,{1,2},{1,2}
21,5,5,5
21,3,4,14
21,3,7,2
21,2,4,4
21,6
21,3,2
21,2,3
21,7,14,4
20,14,7,4
20,2,1,3
20,2,10,3
20,2,2,4
20,2,7,13
20,15,15,15
20,2,4,13
19,2,7,2
19,4,1,3
19,7,9,2
19,6,6,6
19,2,3,9
19,4,7,13
19,3,7,4
19,3,4
19,7,10,12
19,12,4,7
18,2,7,7
18,12,1,4
18,6,8,10
18,12,7,10
18,10,4,2
18,7,9,12
18,10,2,7
18,7,4,7
18,10,3,2
17,9,2,4
17,7,7,4
17,9,4,7
17,12,9,4
17,4,5
17,4,7,11
17,7,1,4
17,4,3,10
17,2,9,14
17,10,2,4
17,2,9,3
17,4,3,5
16,4,7,4
16,3,2,1
16,7,2,7
16,13,13,13
16,11
16,13
16,14,4,7
16,4,9,10
16,4,9,14
16,7,14,1
16,2,11,4
15,4,14,3
15,2,5,4
15,2,1,5
15,7,3,14
15,4,7,8
15,4,5,9
15,4,1
15,7,12,14
15,9,7,4
15,7,9,14
15,8
15,4,9,13
15,7,7
14,2,13,7
14,1,4,7
14,2,3,1
14,4,10
14,9,12,4
14,5
14,4,12,3
14,3,7,14
14,3,2,10
14,3,4,9
14,12,4,9
14,2,4,11
13,2,7,8
13,12,1
13,12,7,1
13,12,7,2
13,1,4,5
13,7,5,2
13,2,4,8
13,4,2,2
13,4,2,6
13,4,12,6
13,2,12,4
13,4,1,12
12,4,7,6
12,3,14,2
12,4,2,13
12,4,2,11
12,10,4,7
12,12,10,4
12,4,3,12
12,7,1,3
12,2,7,12
12,14,2,3
12,1,2,5
12,7,14,10
12,12,6,8
12,12,2,4
12,7,14,3
12,12,4,1
12,2,14,10
12,2,10,14
11,4,14,1
11,2,7,5
11,7,3,1
11,7,3,5
11,8,8,8
11,9,7,3
11,11,11,11
11,4,2,8
11,9,4,12
11,7,10,14
11,2,9
10,7,2,13
10,7,2,11
10,14,4
10,7,9,3
10,7,9,5
10,7,5,1
10,1,3,4
10,10,7,2
10,6,8,1
10,6,10,12
10,7,1,12
10,4,14,12
10,14,3,2
10,14,3,7
10,12,8,10
10,7,14,11
10,12,4,6
10,2,14,11
10,12,4,10
10,2,10,12
10,2,10,11
10,7,9
9,4,14,8
9,3,10,2
9,12,9
9,3,10,4
9,4,10,9
9,7,3,9
9,1,4,9
9,7,12,6
9,7,12,11
9,1,3,2
9,12,10,1
9,9,7,2
9,12,10,7
9,2,2,3
9,2,12,7
9,4,10,14
9,9,3,7
9,9,3,4
9,14,4,9
9,1,2,7
9,4,6,9
9,2,1
9,2,15,15
9,2,10,9
9,7,14,9
9,12,4,3
9,10,2
9,10,4
8,7,7,2
8,2,1,13
8,6,12,10
8,{1,2},4,4
8,2,9,13
8,9,4
8,4,1,6
8,4,12,14
8,3,2,3
8,3,2,9
8,4,4,9
8,4,10,1
8,1,4,12
8,7,9,1
8,7,12,3
8,10,4,1
8,1,3,7
8,12,10,6
8,4,9,6
8,2,2,7
8,3,7,1
8,4,12,5
8,7,9,10
8,7,10,9
8,2,6,10
8,10,12,4
8,7,4,11
8,3,9,4
8,4,6,8
8,4,6,1
8,14,3,4
8,2,9,1
8,4,5,2
8,4,5,14
8,4,11,2
8,4,1,10
8,4,1,14
8,12,4,14
7,2,8,14
7,9,2,3
7,9,2,1
7,1,12,4
7,9,4,5
7,2,5,1
7,2,1,8
7,2,1,10
7,2,14,1
7,2,14,9
7,2,14,8
7,12,8,4
7,7,3,12
7,9,2,10
7,4,7,7
7,9,4,3
7,7,2,5
7,7,2,8
7,12,9,6
7,12,9,7
7,3,4,5
7,12,2
7,12,1,9
7,4,10,3
7,12,7,9
7,1,4,10
7,1,4,14
7,6,8,12
7,2,3,2
7,2,13,14
7,12,10,9
7,3,7,9
7,4,3,13
7,9,12,7
7,7,1,2
7,9,4,14
7,5,1,4
7,12,9,10
7,4,15,15
7,10,2,3
7,14,8,2
7,3,7,13
7,1,6,12
7,12,2,7
7,14,10,2
7,2,10,1
7,4,11,9
7,4,11,7
7,12,4,8
7,2,14,13
7,7,11
7,9,7,12
7,7,3
6,4,14,9
6,7,7,9
6,14,7,9
6,2,5,9
6,2,1,9
6,14,2,11
6,2,5,13
6,12,8,6
6,12,6,1
6,4,12,13
6,7,2,2
6,11,2,4
6,12,1,8
6,4,4,7
6,4,10,6
6,6,8
6,14,5,1
6,14,9,4
6,7,12,8
6,2,3,6
6,2,3,8
6,3,4,10
6,4,11
6,9,7,5
6,4,9,4
6,6,12,8
6,10,7,4
6,9,12,1
6,2,14,5
6,4,13,7
6,{1,2},2
6,4,13,2
6,14,4,11
6,10,3,14
6,10,7,12
6,2,4,6
6,7,4,6
6,7,4,4
6,10,3,4
6,7,4,13
6,1,6,8
6,4,6,3
6,2,9,2
6,4,8,12
6,8,6,10
6,7,14,12
6,7,14,13
6,12,6,9
6,4,5,12
6,4,3,4
6,7,14,8
6,12,1,10
6,12,4,11
6,7,11,12
6,2,11,14
6,10,7
6,9,14,4
6,7,6,9
6,9,7,14
6,5,2,4
5,9,4,1
5,{1,2},{1,2},4
5,2,5,2
5,2,5,7
5,2,1,2
5,14,2,10
5,10,8,6
5,4,9,11
5,12,8,9
5,9,2,13
5,9,2,14
5,2,9,10
5,2,9,11
5,2,9,12
5,11,12,1
5,{1,2},2,2
5,9,1,2
5,9,7
5,9,2
5,3,14,4
5,11,4,12
5,4,5,4
5,3,4,1
5,12,8
5,7,6,10
5,3,3,4
5,12,1,5
5,7,13,6
5,4,{1,2},{1,2}
5,7,5,3
5,7,5,9
5,8,6,1
5,12,7,12
5,9,10,12
5,10,4,3
5,4,6
5,2,13,10
5,4,13
5,11,7,3
5,1,3,5
5,9,7,6
5,3,4,12
5,12,10,2
5,12,10,8
5,2,2,1
5,3,7,8
5,3,14,10
5,2,2,14
5,7,1,14
5,2,12
5,4,13,3
5,4,11,12
5,9,4,10
5,5,1,7
5,12,9,13
5,7,10,3
5,7,8,2
5,1,7,3
5,10,14,2
5,7,4,5
5,14,8,4
5,14,8,7
5,1,7,14
5,4,{1,2}
5,1,12,10
5,3,7,10
5,11,4,9
5,12,2,10
5,1,2,10
5,4,8,10
5,8,2,14
5,1,12
5,12,6,4
5,4,5,13
5,4,5,10
5,4,13,10
5,4,13,14
5,7,14,5
5,12,11,10
5,2,11,13
5,9,14,7
5,3,10
5,13,2,3
5,6,2,8
5,2,10,13
4,2,8,13
4,4,14,5
4,1,4
4,4,14,6
4,7,7,8
4,1,8,7
4,8,4,2
4,14,1,5
4,2,1,14
4,4,12,8
4,2,7,6
4,14,2,13
4,2,5,10
4,7,3,13
4,1,9,2
4,9,1,4
4,9,1
4,3,14,7
4,3,14,9
4,4,1,8
4,4,12,11
4,4,5,6
4,4,5,3
4,7,2,6
4,1,2
4,12,9,1
4,14,7
4,14,3
4,10,4,12
4,9,10,4
4,5,4,12
4,3,1,14
4,3,4,4
4,6,4
4,12,1,7
4,4,10,5
4,14,11,2
4,1,5,10
4,9,1,12
4,1,8,14
4,1,4,3
4,4,6,10
4,5,9,2
4,2,3,5
4,2,3,3
4,7,12,13
4,15
4,1,5,9
4,10,6,1
4,10,6,4
4,1,5,2
4,1,5,7
4,9,7,8
4,4,9,9
4,6,12,1
4,11,7
4,3,7,5
4,2,8,7
4,12,2,14
4,4,8,7
4,9,12,6
4,3,1,7
4,3,1,9
4,14,13,5
4,{1,2},4,7
4,7,1,5
4,3,12,5
4,4,13,1
4,9,4,13
4,1,7,9
4,3,3
4,2,12,3
4,2,12,9
4,8,2,6
4,4,13,9
4,4,4,12
4,7,10,6
4,7,10,1
4,10,2,14
4,13,14,7
4,10,6,12
4,1,9,7
4,7,8,1
4,12,10,11
4,7,15,15
4,4,10,11
4,1,7,5
4,14,4,8
4,7,4,8
4,2,{1,2}
4,7,6,8
4,3,4,3
4,9,3
4,14,2,9
4,3,7,11
4,4,14,11
4,4,14,10
4,4,14,14
4,1,2,6
4,1,2,8
4,9,12,10
4,14,8,10
4,1,6,10
4,2,5
4,2,9,9
4,4,8,14
4,3,2,12
4,12,2,9
4,12,2,8
4,4,3,3
4,14,10,7
4,3,10,7
4,1,7,4
4,4,11,6
4,4,1,13
4,3,2,2
4,11,4,2
4,12,1,12
4,2,14,12
4,2,14,14
4,7,11,14
4,1,14,4
4,13,2,7
4,{1,2},4,{1,2}
4,8,14,3
4,7,11,4
4,9,7,13
4,7,1
3,2,8,10
3,1,5
3,7,7,3
3,1,12,2
3,9,4,4
3,13,5,13
3,{1,2},{1,2},8
3,14,1,3
3,2,5,3
3,2,1,1
3,2,1,12
3,14,2,14
3,2,5,14
3,1,12,7
3,12,8,7
3,12,8,2
3,12,8,1
3,7,3,11
3,7,3,10
3,11,12,4
3,11,12,2
3,{1,2},2,4
3,1,9,4
3,9,11,7
3,1,1,4
3,11,4,14
3,6,7,2
3,11,14,2
3,2,{1,2},14
3,11,7,2
3,1,12,8
3,3,2,8
3,2,6,1
3,7,7,14
3,7,7,12
3,12,9,5
3,12,9,2
3,12,9,3
3,12,9,8
3,{1,2},3,4
3,10,4,10
3,10,4,13
3,9,10,2
3,3,9,14
3,12,6
3,2,13,4
3,2,13,9
3,12,1,6
3,12,1,2
3,8,1,4
3,4,4,1
3,4,4,3
3,4,10,4
3,7,3,3
3,12,7,8
3,7,13,5
3,7,13,2
3,7,13,1
3,1,4,11
3,1,5,13
3,1,5,12
3,1,5,14
3,2,13,3
3,5,4,7
3,5,4,3
3,9,5,14
3,1,4,2
3,1,4,4
3,1,4,6
3,12,13,1
3,4,2,{1,2}
3,14,5,3
3,4,2,15
3,14,9,2
3,6,4,12
3,8,6,2
3,12,11,6
3,12,11,1
3,7,12,5
3,6,8,14
3,{1,2},4,14
3,11,9,13
3,12,7,14
3,4,8
3,7,13,14
3,7,13,10
3,1,13,5
3,1,5,3
3,1,5,4
3,1,3,6
3,1,3,8
3,7,5,11
3,12,14,2
3,12,14,4
3,4,9,8
3,11,2,7
3,11,4
3,8,10,6
3,6,9,10
3,12,2,11
3,12,2,13
3,3,14,13
3,4,8,1
3,4,8,6
3,3,10,11
3,6,8,4
3,2,12,11
3,2,12,10
3,3,1,6
3,3,1,4
3,12,3,4
3,6,4,4
3,{1,2},4,2
3,3,13,1
3,5,3,14
3,14,13,12
3,7,1,9
3,2,3,12
3,2,3,13
3,13,7,2
3,6,10
3,4,11,10
3,4,11,14
3,5,1,9
3,5,1,6
3,10,11,13
3,{1,2},4
3,{1,2},7
3,3,7
3,8,2,7
3,14,12,2
3,3,12,4
3,12,12
3,14,4,12
3,10,2,12
3,5,7,4
3,10,7,14
3,13,14,5
3,10,2,5
3,7,8,9
3,7,8,6
3,7,8,4
3,9,5,7
3,{1,2},2,3
3,11,2,12
3,10,12,7
3,10,12,6
3,12,10,13
3,4,10,13
3,14,4,1
3,7,6,4
3,1,7,12
3,1,7,11
3,6,10,8
3,5,4
3,13,2
3,3,7,12
3,11,4,7
3,10,9,4
3,10,9,3
3,3,9,2
3,7,8,14
3,7,8,10
3,7,8,12
3,6,1,12
3,1,6,2
3,1,6,9
3,1,2,2
3,9,6,7
3,4,6,7
3,4,6,6
3,4,6,2
3,14,3,9
3,3,3,14
3,4,6,12
3,{1,2},2,14
3,13,1,5
3,2,9,6
3,4,8,13
3,7,11,2
3,13,5,1
3,9,13,4
3,9,13,1
3,9,13,2
3,{1,2},9,{1,2}
3,6,1,4
3,6,1,8
3,4,3,8
3,4,3,6
3,14,10,5
3,2,10,5
3,3,10,9
3,2,10,8
3,10,14,7
3,9,12
3,1,7,8
3,12,4,5
3,4,1,11
3,12,1,11
3,7,13
3,2,11,10
3,2,11,7
3,2,11,1
3,9,14,2
3,9,14,3
3,7,6,1
3,3,14
3,13,2,1
3,6,2,1
3,12,6,7
3,7,6
2,1,9,10
2,1,7
2,1,3
2,10,11,7
2,9,2,8
2,1,12,9
2,1,12,5
2,1,12,6
2,13,9,5
2,5,3,6
2,14,7,7
2,14,7,5
2,14,7,3
2,14,7,1
2,7,4,15
2,9,4,6
2,{1,2},{1,2},2
2,{1,2},{1,2},9
2,8,4,6
2,{1,2},13,2
2,14,1,4
2,10,13,14
2,2,5,8
2,14,11,13
2,2,1,6
2,9,8,6
2,6,12,13
2,14,7,12
2,14,7,13
2,5,1,13
2,5,1,14
2,14,2,12
2,8,10,14
2,10,8,2
2,2,14,2
2,11,9,4
2,{1,2},13
2,2,5,12
2,7,4,{1,2}
2,1,1,2
2,11,12,6
2,11,12,8
2,9,6,12
2,9,1,7
2,14,3,13
2,12,6,2
2,{1,2},7,4
2,2,4,{1,2}
2,6,7,9
2,9,9,2
2,11,14,7
2,11,14,4
2,11,14,8
2,4,5,8
2,10,14
2,10,12
2,1,11,12
2,2,6,8
2,8,14,2
2,1,8,6
2,8,14,6
2,13,6,1
2,{1,2},13,13
2,14,1
2,10,6,8
2,10,4,11
2,9,10,5
2,3,1,13
2,3,1,12
2,3,6,5
2,3,9,12
2,{1,2},5,12
2,6,3
2,3,10,1
2,7,6,14
2,7,6,12
2,2,13,5
2,2,{1,2},7
2,8,1,7
2,9,10
2,14,11,5
2,14,11,7
2,5,11,2
2,13,3,9
2,7,13,3
2,7,13,9
2,1,5,11
2,11,4,3
2,3,5,7
2,2,13,1
2,5,4,4
2,5,4,5
2,3,3,2
2,1,4,1
2,1,4,8
2,7,5,4
2,4,6,13
2,12,13,9
2,12,13,4
2,13,3,7
2,14,5,8
2,14,9,5
2,14,9,7
2,5,10,1
2,6,4,10
2,12,11,8
2,12,11,7
2,13,12,10
2,13,12,11
2,{1,2},4,13
2,12,7,13
2,9,11,12
2,5,1,2
2,2,13,12
2,2,13,11
2,7,12,12
2,3,{1,2},3
2,3,{1,2},7
2,10,6,7
2,1,5,6
2,3,6,8
2,9,7,9
2,9,7,7
2,3,11,7
2,7,8,5
2,12,14,9
2,11,10,7
2,11,10,4
2,8,4,12
2,{1,2},1
2,6,12,7
2,2,2,8
2,6,9,14
2,4,7,15
2,6,9,12
2,11,10,12
2,8,12,3
2,10,7,3
2,2,8,9
2,2,8,5
2,2,8,4
2,4,8,9
2,4,8,2
2,12,13,14
2,3,10,14
2,6,8,9
2,6,8,2
2,6,8,6
2,14,3,11
2,9,12,5
2,9,12,2
2,2,12,13
2,2,12,14
2,12,10,5
2,12,6,10
2,7,{1,2}
2,3,1,5
2,3,1,8
2,6,4,1
2,8,10,9
2,14,13,4
2,14,13,2
2,14,1,13
2,14,15,15
2,14,13,10
2,{1,2},4,6
2,6,11,12
2,2,{1,2},{1,2}
2,5,14,10
2,3,12,1
2,13,7,4
2,7,1,13
2,7,1,10
2,2,11
2,2,15
2,12,11
2,4,11,13
2,10,13,6
2,14,4,14
2,{1,2},3
2,{1,2},8
2,5,7,14
2,{1,2},13,{1,2}
2,2,12,1
2,2,12,2
2,14,12,4
2,14,12,1
2,7,5,10
2,5,12,1
2,8,14,13
2,14,4,10
2,14,4,13
2,1,1,7
2,4,4,14
2,4,4,10
2,4,4,13
2,7,9,13
2,7,9,11
2,14,14,4
2,14,14,9
2,14,9,13
2,10,2,11
2,5,7,9
2,13,14,2
2,13,14,3
2,13,14,4
2,10,2,9
2,9,5,4
2,10,12,3
2,2,3,{1,2}
2,12,10,12
2,7,9,8
2,11,14,10
2,10,14,4
2,9,3,6
2,9,3,5
2,9,3,2
2,14,4,5
2,14,4,4
2,14,4,3
2,11,5,12
2,12,3,7
2,2,4,15
2,14,8,6
2,1,7,13
2,6,10,9
2,6,10,2
2,6,10,1
2,14,2,1
2,14,2,6
2,1,12,13
2,5,6,10
2,1,14,3
2,10,3,8
2,4,14,15
2,3,5,1
2,{1,2},9,5
2,3,5,8
2,10,9,2
2,{1,2},5,7
2,3,9,7
2,3,9,1
2,10,5,4
2,1,6,4
2,1,6,5
2,1,2,14
2,9,12,14
2,11,13,5
2,11,13,7
2,11,13,6
2,5,2,13
2,11,2,14
2,11,2,10
2,3,3,13
2,8,7
2,4,13,{1,2}
2,7,10,11
2,12,13,10
2,12,13,11
2,2,8
2,2,6
2,13,1,3
2,2,9,8
2,2,9,5
2,4,8,11
2,13,5,2
2,3,2,13
2,3,2,11
2,8,2,12
2,9,13,9
2,5,3,1
2,13,9,2
2,6,1,5
2,12,2,5
2,12,2,1
2,11,13,14
2,6,5,8
2,14,10,3
2,14,10,8
2,2,10,6
2,3,4,6
2,3,4,8
2,4,13,11
2,4,11,3
2,4,11,5
2,12,4,4
2,{1,2},{1,2},14
2,14,13,3
2,13,4,6
2,13,4,7
2,1,10,13
2,5,9,12
2,6,7,10
2,6,7,11
2,4,{1,2},9
2,4,{1,2},7
2,6,2,13
2,8,3,14
2,14,10,12
2,13,8,7
2,7,11,13
2,8,3,4
2,8,3,2
2,2,11,12
2,{1,2},12,12
2,9,14,6
2,8,7,7
2,7,6,2
2,1,14,13
2,1,14,7
2,13,2,4
2,13,2,5
2,11,12,10
2,12,5,8
2,12,5,3
2,12,3,5
2,9,3,13
2,7,11,3
2,9,3,10
2,7,11,8
2,2,10,10
2,9,7,10
2,10,1,5
2,3,8,12
2,7,5
2,5,2,9
1,1,9,14
1,1,9,13
1,10,11,2
1,10,11,3
1,10,11,5
1,10,11,8
1,1,9
1,10,15,3
1,9,2,6
1,9,2,5
1,5,12,12
1,5,12,13
1,5,12,14
1,7,7,5
1,7,7,1
1,12,12,11
1,1,1
1,13,9,13
1,11,13
1,11,14
1,8,12,10
1,14,7,8
1,3,13,2
1,9,4,9
1,1,8,4
1,13,5,12
1,{1,2},{1,2},3
1,3,13,9
1,10,14,1
1,{1,2},7,12
1,4,14,4
1,3,{1,2},{1,2}
1,10,1,14
1,10,1,12
1,10,1,13
1,8,4,8
1,8,4,1
1,3,12,10
1,9,2,9
1,3,13,12
1,3,13,10
1,6,13,8
1,6,13,9
1,6,13,1
1,6,13,2
1,5,14,5
1,5,14,1
1,14,1,2
1,14,1,7
1,14,1,8
1,14,1,9
1,10,13,11
1,10,13,12
1,5,15,15
1,7,1,6
1,6,5,3
1,2,5,6
1,2,5,5
1,8,11,2
1,10,12,13
1,10,12,11
1,2,1,11
1,10,14,3
1,10,9,10
1,10,9,11
1,9,8,7
1,9,8,1
1,9,8,3
1,1,5,{1,2}
1,14,7,14
1,14,7,10
1,9,4,{1,2}
1,14,3,10
1,5,1,10
1,5,1,12
1,10,8,9
1,6,6,4
1,10,8,1
1,2,14,6
1,3,8,2
1,3,8,1
1,13,8,14
1,{1,2},14
1,{1,2},12
1,5,13,2
1,8,12,11
1,12,8,3
1,9,2,12
1,1,1,3
1,5,13,14
1,5,13,13
1,11,12,7
1,11,12,9
1,9,6,13
1,9,5,3
1,9,5,2
1,{1,2},2,1
1,1,9,9
1,9,1,5
1,9,1,6
1,{1,2},6,5
1,9,1,3
1,9,1,8
1,9,11,1
1,10,3,{1,2}
1,12,6,3
1,6,1,7
1,9,5
1,7,14,14
1,9,8
1,9,9
1,6,14
1,{1,2},12,1
1,2,6,12
1,{1,2},7,2
1,{1,2},7,5
1,6,12
1,{1,2},7,7
1,3,14,3
1,3,14,8
1,3,5,11
1,3,5,10
1,11,9,6
1,6,7,4
1,6,7,1
1,11,13,10
1,9,9,4
1,12,2,6
1,4,1,1
1,4,1,4
1,11,14,3
1,11,14,1
1,13,{1,2}
1,4,12,15
1,4,5,5
1,10,13
1,10,10
1,1,11,13
1,1,11,10
1,11,3,7
1,3,2,5
1,3,2,6
1,11,3,1
1,7,{1,2},{1,2}
1,13,2,14
1,2,15,9
1,2,15,4
1,8,14,9
1,2,6,3
1,8,14,5
1,2,6,7
1,5,{1,2},7
1,5,8,14
1,7,7,10
1,1,13,6
1,13,6,8
1,13,6,9
1,2,15,13
1,13,6,2
1,13,6,3
1,5,6,14
1,10,8,12
1,{1,2},3,7
1,{1,2},3,3
1,14,9
1,14,8
1,{1,2},7,3
1,10,4,14
1,9,10,7
1,5,4,14
1,5,4,11
1,{1,2},10,2
1,{1,2},10,4
1,3,1,11
1,10,8,11
1,{1,2},8,7
1,3,9,13
1,7,6,13
1,7,6,11
1,{1,2},1,10
1,9,{1,2},13
1,3,3,8
1,11,2,8
1,11,2,9
1,11,2,6
1,11,2,5
1,11,2,2
1,6,6,9
1,12,1,3
1,8,1,6
1,8,1,2
1,8,1,3
1,8,1,8
1,8,1,9
1,4,4,5
1,4,4,8
1,4,10,8
1,4,13,12
1,14,11,1
1,9,14
1,8,9,7
1,7,3,8
1,5,11,3
1,5,11,4
1,2,9,{1,2}
1,5,11,9
1,5,8,6
1,6,9
1,12,7,5
1,12,7,6
1,6,7
1,6,6
1,7,13,7
1,7,13,4
1,7,13,8
1,1,4,13
1,6,3,7
1,11,12
1,8,15,5
1,4,9,15
1,7,9,9
1,13,11,6
1,13,11,3
1,7,9,7
1,7,9,6
1,5,14,4
1,11,4,1
1,9,1,14
1,9,1,11
1,2,13,2
1,9,1,13
1,14,{1,2}
1,5,4,1
1,5,4,2
1,1,8,12
1,5,4,9
1,2,{1,2},4
1,11,2,3
1,7,5,7
1,4,6,14
1,12,13,5
1,12,13,6
1,12,13,2
1,12,13,3
1,13,3,5
1,13,3,4
1,13,3,3
1,14,5,6
1,14,5,7
1,14,5,2
1,14,5,9
1,1,15,15
1,5,9,3
1,5,9,4
1,5,9,7
1,5,9,6
1,5,9,9
1,14,9,1
1,14,9,3
1,12,14,6
1,5,10,2
1,5,10,6
1,5,10,4
1,6,4,14
1,6,4,13
1,12,3,10
1,4,3,{1,2}
1,8,6,7
1,8,6,9
1,13,13,12
1,11,1,13
1,11,1,12
1,13,10
1,6,8,13
1,{1,2},4,10
1,3,8,14
1,11,9,14
1,6,4,8
1,7,5,14
1,9,11,14
1,9,11,10
1,9,10,14
1,12,12,10
1,8,9,9
1,9,14,11
1,10,4,4
1,10,4,6
1,10,4,9
1,11,8,5
1,9,15,15
1,7,13,12
1,7,13,11
1,3,{1,2},5
1,3,{1,2},4
1,11,5,10
1,12,14,5
1,1,13,7
1,3,4,13
1,1,13,2
1,3,6,1
1,11,7,1
1,11,7,6
1,11,7,5
1,3,6,7
1,3,6,9
1,5,8,9
1,1,3,3
1,1,3,1
1,1,3,9
1,11,5,7
1,9,7,1
1,12,14,3
1,12,14,1
1,12,14,7
1,3,4,11
1,{1,2},8,10
1,12,14,8
1,11,10,6
1,11,10,9
1,8,4,10
1,{1,2},4,3
1,{1,2},2,{1,2}
1,6,12,3
1,6,12,4
1,13,12,3
1,{1,2},14,7
1,{1,2},14,2
1,{1,2},14,9
1,2,2,9
1,2,2,5
1,11,2,1
1,6,9,13
1,11,6,9
1,3,7,3
1,11,10,13
1,11,10,14
1,{1,2},4,9
1,13,6,10
1,8,11,13
1,8,12,6
1,8,12,1
1,10,7,9
1,10,7,1
1,10,7,6
1,2,8,6
1,2,8,3
1,2,8,2
1,6,5,11
1,3,14,14
1,3,14,12
1,4,8,8
1,4,8,3
1,3,10,12
1,3,2,{1,2}
1,6,2,14
1,{1,2},1,2
1,{1,2},1,1
1,6,8,8
1,10,10,8
1,6,8,7
1,6,8,5
1,9,12,3
1,14,3,14
1,9,12,8
1,11,11,2
1,8,9,12
1,12,4,12
1,11,{1,2},1
1,6,1,14
1,12,6,14
1,6,1,10
1,12,6,13
1,12,6,12
1,3,11,9
1,3,1,3
1,3,1,2
1,6,4,6
1,12,3,1
1,12,3,8
1,12,3,9
1,6,14,10
1,1,2,{1,2}
1,14,8,12
1,14,13,7
1,13,2,13
1,13,2,11
1,14,13,8
1,14,1,12
1,14,1,11
1,8,10,4
1,8,10,7
1,5,3,13
1,2,2,6
1,3,13,7
1,3,13,5
1,{1,2},7,13
1,3,13,8
1,{1,2},7,14
1,14,12,13
1,14,12,14
1,8,10,2
1,7,1,1
1,7,1,8
1,5,14,12
1,8,10,11
1,3,8,7
1,3,8,4
1,4,12,4
1,2,3,11
1,2,2,10
1,2,2,13
1,2,2,12
1,13,7,1
1,13,7,3
1,8,13,7
1,8,13,2
1,4,4,{1,2}
1,2,6,13
1,7,1,15
1,8,{1,2},1
1,1,3,{1,2}
1,13,7,10
1,4,5,{1,2}
1,2,13
1,9,9,13
1,{1,2},10,12
1,{1,2},11,2
1,5,12,7
1,10,13,2
1,10,13,7
1,10,13,4
1,10,13,5
1,9,4,11
1,3,15,15
1,14,4,15
1,5,1,3
1,3,6,{1,2}
1,2,{1,2},2
1,10,11,12
1,{1,2},5
1,3,9
1,3,5
1,3,1
1,5,7,13
1,2,{1,2},5
1,2,12,6
1,8,2,4
1,8,2,1
1,15,11,10
1,8,2,8
1,14,12,8
1,14,12,7
1,9,8,10
1,3,12,8
1,3,12,2
1,8,10,13
1,8,10,12
1,7,5,13
1,7,5,12
1,10,12,{1,2}
1,11,6,1
1,4,3,11
1,3,7,7
1,3,7,6
1,{1,2},9
1,12,13
1,4,13,6
1,5,12,5
1,4,13,4
1,4,13,5
1,4,13,8
1,8,14,10
1,8,14,12
1,12,9,11
1,1,3,14
1,1,3,13
1,1,3,11
1,4,4,11
1,5,10,10
1,5,10,11
1,5,10,12
1,5,10,13
1,5,10,14
1,8,12
1,8,14
1,14,14,2
1,14,14,7
1,12,12,8
1,7,10,5
1,7,10,7
1,7,10,8
1,4,15,12
1,10,3,11
1,10,3,13
1,5,7,6
1,5,7,2
1,9,6,10
1,9,5,1
1,10,2,2
1,10,2,1
1,10,2,8
1,7,8,8
1,13,10,3
1,7,8,3
1,7,8,7
1,10,12,9
1,{1,2},2,8
1,10,12,1
1,10,12,5
1,11,15,15
1,1,8,13
1,8,12,9
1,11,14,13
1,4,10,10
1,1,7,1
1,1,7,7
1,1,7,6
1,10,14,9
1,9,3,1
1,12,14,12
1,12,14,10
1,{1,2},9,9
1,15,4,12
1,7,6,5
1,10,7,8
1,{1,2},14,14
1,{1,2},14,15
1,{1,2},14,12
1,7,6,3
1,14,8,1
1,14,8,3
1,10,9,{1,2}
1,1,7,10
1,3,10,3
1,5,13,1
1,6,10,7
1,14,2,2
1,14,2,5
1,14,2,8
1,8,4,{1,2}
1,6,14,1
1,11,9,1
1,5,3
1,5,1
1,5,7
1,7,{1,2},9
1,7,{1,2},4
1,7,{1,2},6
1,13,3
1,10,3,9
1,13,4
1,10,3,5
1,13,6
1,13,7
1,4,14,13
1,11,4,5
1,3,5,5
1,{1,2},9,7
1,13,2,6
1,3,3,7
1,11,12,13
1,10,9,6
1,10,9,7
1,{1,2},5,3
1,{1,2},5,6
1,3,9,6
1,11,8,6
1,3,9,3
1,{1,2},10,13
1,{1,2},10,10
1,10,3,7
1,9,10,{1,2}
1,8,14,4
1,1,6,7
1,1,2,12
1,1,2,13
1,13,10,6
1,1,2,1
1,1,2,9
1,9,12,12
1,9,12,11
1,13,11,11
1,9,6,1
1,9,6,5
1,15,2,7
1,7,12,{1,2}
1,4,6,5
1,3,6,11
1,11,7,14
1,11,13,4
1,11,13,3
1,{1,2},6,12
1,6,11,3
1,{1,2},6,10
1,13,4,12
1,13,4,13
1,14,3,3
1,14,3,5
1,{1,2},1,{1,2}
1,5,2,14
1,5,2,15
1,5,2,11
1,11,6,10
1,8,8
1,12,13,8
1,2,14,{1,2}
1,7,10,10
1,6,5,1
1,{1,2},6,6
1,10,12,2
1,13,1,9
1,1,13,12
1,{1,2},2,11
1,5,{1,2},{1,2}
1,13,1,6
1,13,1,2
1,7,11,6
1,7,11,1
1,2,2,{1,2}
1,15,14,13
1,9,3,11
1,1,9,12
1,13,5,9
1,13,5,3
1,6,9,2
1,6,9,3
1,6,9,6
1,6,9,7
1,6,9,4
1,14,12
1,14,5,4
1,8,2,13
1,8,2,10
1,8,6,13
1,8,6,12
1,8,6,14
1,{1,2},11,10
1,15,4
1,9,13,5
1,9,13,3
1,13,9,7
1,13,9,4
1,13,9,3
1,5,3,4
1,5,3,9
1,5,3,8
1,13,9,8
1,1,10
1,12,8,14
1,6,1,9
1,11,1,4
1,11,1,7
1,11,1,3
1,11,1,2
1,4,5,11
1,11,13,12
1,12,2,3
1,12,2,2
1,6,5,9
1,1,11,4
1,1,11,3
1,1,11,2
1,14,10,4
1,14,10,6
1,2,8,12
1,1,7,2
1,9,13
1,7,14,7
1,4,11,8
1,4,11,1
1,{1,2},{1,2},11
1,{1,2},{1,2},10
1,4,1,15
1,11,3,2
1,5,13
1,9,13,10
1,9,13,14
1,12,3,11
1,13,4,3
1,13,4,1
1,13,4,8
1,13,4,9
1,1,10,12
1,5,9,11
1,5,9,14
1,12,11,13
1,12,11,14
1,9,14,10
1,12,14,11
1,13,10,7
1,13,12,4
1,11,7,4
1,11,3,12
1,6,7,14
1,12,1,13
1,4,{1,2},6
1,4,{1,2},4
1,10,10,4
1,10,10,7
1,10,10,6
1,6,3,13
1,13,8,6
1,12,15,15
1,14,3,12
1,3,8,5
1,8,{1,2},10
1,10,8
1,13,13
1,{1,2},12,10
1,10,5
1,2,11,6
1,2,11,5
1,9,14,1
1,8,7,4
1,12,12,4
1,8,7,9
1,12,12,1
1,14,14,13
1,1,10,6
1,1,10,7
1,1,10,4
1,1,10,5
1,1,10,3
1,14,6,7
1,14,6,4
1,14,6,3
1,14,6,2
1,14,6,9
1,6,13,11
1,3,12
1,10,14,11
1,1,14,14
1,1,14,2
1,2,6,9
1,1,14,5
1,13,2,8
1,13,2,9
1,11,12,14
1,11,12,12
1,12,5,4
1,8,5,1
1,8,5,2
1,8,5,3
1,8,5,7
1,2,6,5
1,13,1,14
1,13,1,13
1,13,1,12
1,2,6,4
1,6,4,7
1,7,11,7
1,9,3,14
1,9,3,12
1,7,11,9
1,12,3,2
1,6,14,12
1,5,6,6
1,5,6,7
1,5,6,8
1,13,13,2
1,10,1,3
1,10,1,9
1,4,{1,2},14
1,14,5,11
1,7,8
1,5,2,2
1,5,2,1
1,5,2,7
1,1,8,1
