5
1,Chris Cunnie 
2,David Wong 
3,Paul Miyamoto 
4,Ross Mirkarimi 
5,Write-In 
183611,183611,154
31162,4
14880,1
11971,3
8240,4,1,3
7867,4,3,1
6755,1,3,4
6712,1,4,3
6600,3,4,1
6577,1,3
6250,3,1,4
5619,4,1
5375,3,1
4828,3,1,2
4574,1,3,2
4435,1,4
4212,4,3
3339,4,4,4
3216,4,3,2
2804,3,2,1
2590,3,4
2460,2
2394,3,3,3
2339,3,4,2
2293,1,1,1
1955,3,2,4
1946,4,1,2
1844,2,3,1
1784,2,3,4
1697,4,2,3
1622,1,2,3
1405,3,2
1212,1,4,2
1060,4,2,1
936,2,4,3
772,2,1,3
771,2,3
739,1,2,4
693,2,4,1
661,2,2,2
593,4,2
552,2,1,4
482,1,2
296,4,4
289,2,4
285,3,1,3
237,4,1,4
224,1,4,1
220,2,1
207,1,1
202,1,3,1
178,4,4,1
174,4,3,4
173,1,3,3
158,4,4,3
152,3,4,3
138,3,3
137,3,1,1
131,4,1,1
130,3,3,1
122,1,1,4
113,1,4,4
106,1,1,3
103,3,3,4
99,4,3,3
98,{1,2}
86,{1,2},{1,2},{1,2}
84,3,2,3
81,3,4,4
66,4,2,4
63,2,3,2
60,3,3,2
55,2,2
48,3,2,2
48,4,4,2
45,2,3,3
41,2,4,4
35,4,2,2
32,1,1,2
30,2,4,2
30,1,2,2
28,2,2,3
27,2,2,4
26,1,2,1
26,2,1,2
22,2,2,1
20,4,{1,2}
17,3,{1,2}
17,{1,2},1,3
17,1,{1,2}
17,2,1,1
16,{1,2},3
16,1,{1,2},3
15,{1,2},1
15,3,{1,2},1
13,4,{1,2},{1,2}
13,4,{1,2},1
12,{1,2},4,1
12,4,{1,2},3
11,{1,2},4
11,1,{1,2},4
11,3,1,{1,2}
10,3,{1,2},2
10,{1,2},4,4
10,{1,2},3,4
9,1,4,{1,2}
9,{1,2},{1,2}
9,{1,2},1,4
9,1,{1,2},2
8,{1,2},2
8,4,{1,2},2
7,3,{1,2},{1,2}
7,{1,2},1,1
7,{1,2},{1,2},1
7,3,{1,2},4
7,1,{1,2},{1,2}
6,4,{1,2},4
6,1,3,{1,2}
6,{1,2},2,3
6,3,{1,2},3
6,{1,2},3,3
5,{1,2},1,2
5,{1,2},4,3
5,3,2,{1,2}
5,{1,2},{1,2},2
5,4,3,{1,2}
5,{1,2},3,{1,2}
5,{1,2},2,1
5,2,{1,2},1
5,{1,2},3,1
5,3,4,{1,2}
4,1,1,{1,2}
4,{1,2},4,2
4,2,{1,2},2
4,{1,2},{1,2},3
4,1,{1,2},1
4,{1,2},3,2
3,2,{1,2},3
3,{1,2},2,4
3,1,2,{1,2}
3,2,{1,2},4
3,4,1,{1,2}
2,3,3,{1,2}
2,2,{1,2},{1,2}
2,{1,2},1,{1,2}
2,4,4,{1,2}
2,2,{1,2}
2,2,1,{1,2}
2,{1,2},2,2
2,4,2,{1,2}
1,2,3,{1,2}
1,2,4,{1,2}
1,{1,2},4,{1,2}
1,{1,2},{1,2},4
1,2,2,{1,2}
