7
1,Larry Lionel Young, Jr. 
2,Sean Sullivan 
3,Derrick Muhammad 
4,Nyeisha Dewitt 
5,Lynette Gibson-Mcelhaney 
6,Alex Miller-Cole 
7,Write-In 
22193,22193,418
721,2
684,3,4,5
547,4,4,4
534,5,4,2
522,2,2,2
514,5,5,5
497,2,6,5
446,3,3,3
410,2,5,4
372,5,2,4
361,5,4,3
360,5
358,2,5,6
324,2,4,5
316,2,5,3
302,4,5,2
296,1,1,1
296,4
276,4,5,3
269,6,6,6
247,5,4,6
246,5,2,6
233,4,5,6
221,2,5,1
218,4,3,5
214,2,3,5
211,5,2,1
209,4,5,1
208,5,2,3
203,3
200,2,4,6
197,5,3,4
190,3,5,4
189,5,4,1
183,4,2,5
175,6
172,2,5
160,5,3,2
156,2,6,4
146,2,3,4
145,6,5,4
143,5,6,2
141,5,4
140,5,6,4
133,6,5,2
133,1,3,5
130,2,1,5
130,5,2
127,3,5,2
127,3,5,1
126,1,4,5
122,4,1,5
120,6,4,5
118,1
116,3,2,5
115,5,1,4
114,6,2,5
113,1,2,3
111,1,2,5
109,5,3,1
108,4,6,3
106,3,4,1
104,5,1,2
102,4,3,1
101,2,6,1
99,5,1,3
98,6,4,2
95,7,7,7
94,4,6,5
92,6,2,4
91,2,6,3
91,2,4,1
90,2,4,3
89,2,3,1
89,3,1,4
88,2,6
86,2,3,6
86,3,4,6
85,4,6,1
85,2,1,4
85,4,5
85,4,3,2
84,4,6,2
84,1,4,6
84,2,4
83,3,1,5
82,3,2,4
79,1,5,2
79,4,2,6
77,1,2,4
75,1,3,4
73,4,3,6
72,2,1,3
72,3,5,6
70,4,1,3
70,6,2
69,5,3,6
69,6,4,3
67,6,4,1
66,1,5,4
66,4,1,6
66,4,2,3
66,4,2,1
65,1,5,3
64,3,4,2
64,6,2,1
63,6,2,3
62,6,3,4
61,5,1,6
61,3,2,1
60,2,1,6
59,1,3,6
58,2,3
57,1,4,3
57,1,3,2
57,5,6,3
56,3,1,2
51,3,5
51,4,1,2
49,3,2,6
46,6,3,5
44,3,6,4
43,6,5,3
43,1,2,6
43,3,1,6
42,5,3
41,3,4
39,5,4,5
39,1,4,2
38,6,1,4
38,1,5,6
37,4,5,4
36,4,2
36,5,6,1
34,3,6,5
33,6,3,2
32,4,3
32,4,6
31,4,3,4
31,2,6,2
30,5,5,4
30,6,5,1
30,4,4,5
29,2,2,3
29,6,4
29,1,6,4
29,6,5
28,2,5,2
27,{1,2},{1,2},{1,2}
27,5,2,5
27,1,6,2
26,3,6,1
26,3,6,2
26,3,4,3
25,3,2
25,6,1,2
24,5,4,4
24,5,6
23,2,4,2
23,1,6,3
22,2,3,2
22,1,6,5
21,2,1
21,6,1,3
21,3,4,4
20,2,2
20,2,7,7
19,5,3,5
19,5,1
18,6,1,5
17,4,6,4
17,5,5,2
17,4,1,4
17,4,4,3
17,1,2,1
16,2,5,5
16,5,1,5
16,2,1,2
16,5,5,1
16,5,5,3
16,5,7,7
16,3,1,3
15,1,1
15,4,4
15,6,3,1
15,2,2,5
15,3,3,4
15,4,2,4
14,1,2
14,1,4,4
14,4,1
14,{1,2}
14,6,4,6
13,1,4,1
13,1,5,1
12,4,5,5
12,3,2,3
12,2,2,1
12,4,4,1
12,5,2,2
11,2,3,3
11,3,6
11,5,5,6
11,1,5,5
11,2,2,4
11,5,5
11,3,5,3
11,4,4,6
11,3,1,1
10,1,5
10,1,2,2
10,1,3,3
10,6,2,6
10,3,5,5
10,3,3,1
10,6,6,4
10,2,6,6
9,1,6
9,1,4
9,5,1,1
9,3,3
9,1,1,5
9,4,3,3
9,2,2,6
9,2,4,4
9,3,3,5
9,5,6,5
8,1,3
8,2,5,7
8,6,3
8,4,4,2
8,6,6
8,4,2,2
7,4,6,6
7,7
7,1,1,2
7,4,7,7
7,6,7,7
7,3,2,2
7,6,6,2
7,6,1
7,6,2,2
6,5,3,3
6,2,1,1
6,1,1,4
6,3,{1,2},5
6,3,6,6
6,6,3,6
6,1,7,7
6,6,4,4
5,5,4,7
5,3,1
5,1,1,3
5,1,3,1
5,4,1,1
5,4,5,7
5,3,7,7
4,4,6,7
4,{1,2},{1,2},4
4,6,5,6
4,6,5,5
4,6,3,3
4,2,4,7
4,3,3,2
4,1,6,1
4,5,2,7
3,2,{1,2},{1,2}
3,4,{1,2},{1,2}
3,2,{1,2},4
3,2,2,{1,2}
3,5,5,{1,2}
3,{1,2},6
3,2,{1,2},1
3,5,3,7
3,5,4,{1,2}
3,4,5,{1,2}
3,6,1,6
3,6,7,1
3,2,5,{1,2}
3,2,6,7
3,4,{1,2},5
3,5,{1,2},6
3,5,{1,2},5
3,{1,2},4,4
3,{1,2},3,3
3,3,4,7
3,4,{1,2},2
3,4,{1,2},4
3,6,6,5
3,6,6,1
3,6,6,3
3,6,4,7
3,{1,2},5,2
3,{1,2},5,1
3,{1,2},5,6
3,{1,2},5,5
3,{1,2},5,4
3,1,6,6
2,7,1,3
2,7,1,2
2,7,1,4
2,7,7,5
2,1,3,{1,2}
2,3,4,{1,2}
2,{1,2},4
2,{1,2},4,3
2,2,3,7
2,6,2,{1,2}
2,3,5,{1,2}
2,1,1,6
2,6,1,1
2,{1,2},2,2
2,3,{1,2},3
2,4,3,7
2,1,5,7
2,3,6,7
2,4,7,5
2,4,7,3
2,6,3,7
2,6,7,4
2,3,{1,2}
2,6,{1,2},2
2,2,{1,2}
2,7,4,6
2,5,{1,2},2
2,5,{1,2},4
2,1,{1,2},{1,2}
2,1,{1,2},5
2,7,7
2,7,6,5
2,7,6,6
2,3,6,3
2,1,4,{1,2}
2,3,5,7
2,2,{1,2},2
2,3,3,6
2,{1,2},5,3
2,5,6,6
2,5,{1,2},{1,2}
2,1,{1,2},4
2,1,{1,2},1
2,1,2,7
1,5,{1,2}
1,7,7,4
1,7,7,6
1,4,4,{1,2}
1,2,{1,2},3
1,2,{1,2},6
1,{1,2},{1,2},1
1,{1,2},{1,2},3
1,{1,2},{1,2},5
1,{1,2},{1,2},7
1,{1,2},{1,2},6
1,3,{1,2},{1,2}
1,7,5,7
1,7,5,5
1,7,5,4
1,7,5,3
1,{1,2},1,6
1,3,6,{1,2}
1,5,1,7
1,2,1,7
1,{1,2},1
1,1,5,{1,2}
1,{1,2},{1,2}
1,2,7,3
1,2,7,5
1,{1,2},4,6
1,{1,2},4,5
1,1,{1,2}
1,{1,2},2,4
1,{1,2},2,5
1,{1,2},2,1
1,3,{1,2},6
1,{1,2},6,2
1,{1,2},6,3
1,4,7,1
1,5,7,5
1,5,7,4
1,5,7,3
1,1,3,7
1,6,7,6
1,2,4,{1,2}
1,4,1,7
1,1,1,{1,2}
1,6,{1,2},5
1,6,{1,2},6
1,7,4,4
1,7,4,5
1,5,{1,2},3
1,2,1,{1,2}
1,7,6,7
1,7,2,6
1,5,6,{1,2}
1,3,7,3
1,3,7,2
1,3,7,5
1,{1,2},3,5
1,{1,2},3,6
1,{1,2},3,1
1,{1,2},3,2
1,7,2,1
1,{1,2},7,7
1,6,7
1,2,7,{1,2}
1,2,{1,2},5
1,3,2,{1,2}
1,{1,2},1,1
1,6,1,{1,2}
1,7,3,4
1,5,6,7
1,5,1,{1,2}
1,7,6
1,7,2
1,1,{1,2},3
1,3,1,7
1,1,2,{1,2}
1,4,2,7
