4
1,Benjamin Lang 
2,Jumoke Hinton Hodge 
3,Richard Fuentes 
4,Write-In 
20753,20753,116
2316,2,3,1
2129,2,1,3
1810,2,2,2
1634,2
1584,1,2,3
1408,1,3,2
1362,3,2,1
1346,3,1,2
867,3,3,3
839,3
762,1,1,1
535,1
525,2,3
395,2,1
305,3,1
287,3,2
245,1,3
184,2,3,2
163,1,2
146,2,1,2
127,1,3,1
118,4,4,4
107,2,2,1
107,3,1,3
97,2,2,3
84,1,2,1
78,2,1,4
67,3,2,3
61,2,2
60,2,3,3
60,1,2,4
58,1,2,2
56,3,2,2
50,3,3,1
50,3,3,2
49,1,1,3
47,1,1,2
46,1,3,3
44,1,3,4
43,3,1,1
39,3,4,4
39,3,1,4
36,3,3
35,2,4,4
34,2,3,4
34,2,1,1
32,1,4,4
21,1,1
20,3,2,4
14,4
10,2,4,1
10,1,4,2
8,{1,2},{1,2},{1,2}
7,3,4
7,4,3,3
7,4,2,1
6,4,1,2
6,2,{1,2},1
5,2,3,{1,2}
5,{1,2}
5,3,4,1
4,1,4
4,2,{1,2},2
4,2,1,{1,2}
4,2,2,4
4,3,{1,2},2
4,4,3,1
4,3,4,2
3,2,4,3
3,4,1,3
3,3,{1,2},{1,2}
3,1,{1,2}
3,1,4,3
3,2,4
3,4,2
3,4,4
3,1,1,4
3,4,3,2
3,1,{1,2},3
3,3,4,3
3,2,2,{1,2}
3,{1,2},3,1
3,1,2,{1,2}
3,4,2,3
2,2,4,2
2,{1,2},3
2,{1,2},1,2
2,3,3,4
2,2,{1,2},3
2,3,2,{1,2}
2,{1,2},2
2,{1,2},1,1
2,2,{1,2}
2,{1,2},2,1
2,{1,2},2,2
2,1,{1,2},2
2,{1,2},3,3
2,3,1,{1,2}
1,2,{1,2},{1,2}
1,4,1,1
1,1,1,{1,2}
1,4,{1,2},4
1,{1,2},1,{1,2}
1,{1,2},{1,2},3
1,{1,2},{1,2},2
1,{1,2},{1,2},4
1,{1,2},2,{1,2}
1,1,4,1
1,4,1
1,{1,2},2,3
1,3,{1,2},1
1,3,{1,2},3
1,4,4,2
1,{1,2},3,2
1,4,2,2
1,4,2,4
